86788
89703
193010
193822
194052
194669
194411
194553
199482
199868
202273
204626
205347
205348
207366
207376
214076
216706
216713
216715
216716
216718
85920
88999
93503
190572
193319
193317
191513
191525
191664
192946
195041
195013
195035
199865
199866
200842
200941
201181
202293
202278
195762
199477
199476
199485
205372
207345
200281
202155
202160
202178
204906
204912
204914
205554
205563
207808
206849
206924
207348
207351
207803
211700
211719
223666
229337
229509
116909
173769
173786
173939
229419
173976
52305
174090
174680
150558
175322
161985
2491
162191
175535
96743
3129
3210
175915
162426
176564
195
198
162646
123215
177257
124021
124048
124877
173768
174021
1310
1320
1324
174472
161459
175113
175298
175308
175809
175924
27
687
695
1013
124045
189378
124878
163580
94710
115434
178828
1635
189627
1546
115455
115537
115564
115716
189878
1960
2084
95857
117002
117003
117160
95873
117401
117405
118813
118842
118851
122216
123343
123428
123440
123442
123467
123476
123477
123572
123603
123982
124020
124044
96490
96495
107279
96545
125841
151617
96813
96825
96814
96824
96831
180957
179573
189871
189872
1981
2076
2080
2157
2205
116758
116762
116750
116754
117178
117168
117574
2378
2467
118815
118824
118835
119556
120566
121978
122187
122336
122671
122804
2625
123788
123928
2628
125316
125323
115927
116211
96499
96514
63307
96579
125644
96755
126438
96806
96807
164176
128765
3109
97037
3145
129960
97085
3133
164696
97205
97330
97339
97799
3662
3709
3741
97839
181274
152232
97942
98155
3961
98423
3943
166489
98660
135724
4074
4123
4127
166996
96853
96860
127899
3113
151861
164624
129289
3020
97149
97175
97177
97497
97526
97820
97947
133104
181252
134425
152314
165882
98613
3865
98424
3886
3955
98650
166852
166997
4194
98692
98952
99070
4390
99089
99306
4565
4663
4669
4747
4825
4920
5015
5045
5059
5074
5078
99907
100015
100050
100496
182800
100494
100500
182884
168807
100786
5748
168835
100936
100968
5792
183069
183070
169615
137795
101525
170422
101746
170664
138337
6355
6395
102027
98871
4163
4378
4389
167047
167056
167306
182088
99236
182271
167462
4606
182558
182604
99461
4765
99481
99618
4740
4851
4890
136714
182680
5171
5339
5441
5572
182822
5620
5623
168804
5734
5804
183252
169407
169312
169952
101660
170574
170642
102036
6766
138840
103153
103516
139377
7246
7254
139939
140019
7943
7984
172558
140535
8157
173457
173522
183872
8884
9273
105583
105724
9966
105941
6431
6439
6443
6592
102747
170940
103140
103154
103578
7534
103920
171763
171808
172254
8053
172640
172783
173365
8291
104747
8478
8551
9305
105520
10221
10272
185244
142572
142527
142664
10825
10955
185772
185743
11129
106568
11423
186078
186191
11804
11913
107850
12972
13557
13759
13826
13439
144877
186742
108609
108752
14653
14654
14774
15246
15413
15632
15665
142163
105806
10059
106469
10497
10560
185394
10934
11101
185865
11463
11544
11735
12066
144207
12475
13021
12863
13376
13393
108105
13381
13582
13727
13679
13869
13672
14278
186746
15148
15075
15244
15169
15233
15245
15258
15270
15423
15437
15546
15650
186988
17978
18025
17993
18063
19124
19870
187485
20249
187483
21447
22847
22425
22574
111689
111693
23253
146549
25068
25138
25386
25758
26074
145210
17427
17323
17493
110291
18013
18265
145958
110823
19678
20689
20774
21057
21136
21511
21653
21983
23181
22991
23213
24115
25131
25192
26224
26145
157623
26929
157781
147078
29533
30371
30577
114037
31310
31768
31895
31896
147614
31866
188048
32452
32722
32707
32788
35240
35596
35813
35845
35803
26347
26667
157638
146869
187764
28802
29071
113695
30102
30163
30432
30618
30705
114407
31912
32455
33173
38367
38526
38324
38377
38859
39161
39217
39511
39606
39978
40313
40980
41091
42779
43658
43730
44303
45835
45847
46203
46678
46797
47011
47161
149749
48200
48224
48490
48631
34683
35012
35552
36318
38878
39267
39432
40435
41898
42091
42506
43303
43664
43761
159718
43773
44149
49241
49181
49093
49162
50034
50539
188616
52409
53152
53254
54753
55296
55753
55774
57680
57886
57586
57947
58205
62376
62288
62561
62640
45400
45648
45833
46381
46856
47027
160154
160160
48632
48500
48589
48421
48438
48439
48856
48415
49077
48844
160623
160715
49427
49909
49912
49960
49999
50763
160910
51740
51958
53278
54202
54211
54735
55796
55924
56693
56888
57252
57929
57906
63294
63417
63463
63964
63935
64152
64538
64858
64818
64857
65420
65898
65932
66238
66595
67401
67380
67548
69107
71364
71636
72102
72784
72958
73827
73714
74126
74500
75566
76258
76401
58871
59370
58863
59012
59371
60128
59838
60179
60228
61565
61854
61892
62255
62397
62689
62542
63223
63207
63342
63363
63402
63657
63719
64676
64866
65301
65364
65463
66004
66191
66239
66009
65946
66393
66603
68774
69350
69816
70056
77025
77653
79883
81783
82306
85368
88409
71236
71186
71457
71927
73195
73228
73693
73697
75921
78760
79154
190555
190561
190567
191529
191531
191668
193456
194267
194684
195018
195490
195755
201104
202490
202639
204911
205346
205370
206918
87546
88996
90295
93953
68945
191156
191200
191913
192116
197026
199870
208524
208539
209035
223498
223971
229376
229382
229430
232744
201551
202265
202213
202297
203382
204939
206744
207370
207405
214158
116910
161122
117159
174201
188793
94676
52552
174312
2016
175297
120222
29
30
705
920
123481
1016
1170
1236
163436
189611
1677
189641
189625
1815
219132
223533
223994
226035
231750
231754
232945
52056
173947
179582
115714
1976
2012
119559
2203
2209
122652
2235
116751
116778
116755
116994
117165
117170
117407
117591
2373
2392
117837
118292
2463
118817
118821
118822
118826
118833
118841
119081
120736
121542
123940
124634
116008
96578
96724
96735
96742
2817
96716
175319
175396
175312
96416
2691
302
390
476
177188
986
1396
1525
189678
189642
1966
1980
95493
128937
128938
2987
3057
3074
3084
97350
97377
3519
3521
3541
3546
97566
3628
97684
97791
181164
133067
181192
98196
134171
98269
98321
98856
136129
4392
4459
117424
121028
117337
117403
2344
2345
95959
119659
120509
120974
96281
96414
96419
96420
124579
124584
124619
124621
116372
96697
96702
126173
96795
96938
96941
96945
96954
128365
99259
167471
4584
99459
167793
168114
136802
5134
100042
5282
100337
5348
5463
100414
182799
100440
100461
5471
100630
100639
100648
100651
168805
5732
182950
169313
170200
101584
101658
101705
170510
170514
138327
138268
138277
96979
164375
128813
97020
129738
3260
3154
3221
190014
190035
97186
97203
97361
152062
97846
165388
134262
98246
166853
4113
102834
102833
103046
103171
103192
139209
7281
7434
7528
171772
171797
8014
8097
140346
8408
8428
8452
8470
9290
9348
9366
10047
105970
105971
135700
98879
4253
4646
4984
4916
4943
168115
137074
99994
5452
5709
100791
100821
100824
169039
100983
190414
101072
169278
169479
101522
101524
138141
102057
102087
102119
6448
106356
185295
185724
11154
11161
11280
143582
186139
11737
143793
144064
144150
186337
13402
13856
13589
13413
14054
14142
15149
15102
15242
15438
15621
15625
16191
16550
17577
17607
145752
6460
6458
103015
103486
6992
103714
7119
7467
103976
103981
155017
7780
171884
7848
104213
104287
172227
140880
155460
104724
8955
9231
9327
110409
110530
19909
19900
187480
20948
21068
23123
23244
23427
23676
157624
157649
28736
184938
142706
185497
10684
11244
142859
11599
11688
144025
12490
186635
186640
12778
13613
13382
186747
186743
13353
13558
14403
108694
28955
28957
29780
114264
114405
31957
32228
32341
33671
34516
34409
34480
35148
36188
38676
39270
39300
39351
15733
145233
16315
16666
109788
17667
18048
146040
146042
146054
19781
22466
111422
187550
23300
23273
23684
40548
42020
42057
41923
42293
42378
43666
45521
45943
46098
160193
149762
149788
47562
48567
48825
49542
49288
49562
49591
49595
49584
49654
49866
49882
160658
50580
50568
51194
24710
24708
112822
157659
27563
113156
27905
28840
28884
28947
147172
30119
30169
30375
30301
30582
113833
113884
30589
113968
31334
147450
31945
31966
31979
31986
32146
51937
51723
51977
53267
53239
53299
53855
54279
54244
54423
55057
55241
55695
56674
56668
59076
59992
61035
61832
62580
62674
62695
62698
62705
62680
63296
63340
64844
65254
67298
34972
36264
38269
38300
38984
40434
42265
42011
159529
42614
42960
43655
44022
44089
159722
67719
69448
69457
69450
71200
70925
71158
71094
71586
71617
71769
72001
72450
72444
72449
72917
73691
73694
73861
74158
75481
75510
75889
76178
78781
81122
44943
46138
46426
46821
160191
47092
48009
160561
49599
49880
49751
50615
51125
50754
51076
51896
52189
53288
53395
53932
54345
55603
55610
55666
55685
55803
55974
57752
87397
88995
89086
89542
93414
93860
93952
93954
193442
196876
197025
58666
58914
60224
60349
60392
60716
60719
60934
61950
62058
62596
62862
63030
63297
63549
63611
63735
63837
64860
65293
65496
65459
65041
65606
65519
67744
68016
69109
69543
70547
199478
202426
203575
205961
207364
207365
207367
209227
72066
73764
74532
74482
75212
76268
76269
77391
77394
77405
81193
85514
85771
86822
223510
223518
223519
225494
231752
231842
231875
52094
173761
173779
117409
174461
174527
52499
174702
161966
175292
175327
88997
88994
89006
89007
92565
92868
93923
190553
190565
190828
191076
192911
194294
194372
194968
195754
196707
196789
199862
199861
199877
175571
176139
3626
52942
121975
391
392
395
475
969
163050
984
1021
1032
115185
1398
189657
118816
118830
122800
116907
116911
116912
116913
116917
2286
201671
201781
202381
202533
202549
203884
205804
206741
207343
207346
208687
209006
211716
95778
117417
95897
119470
120344
120508
2588
122806
123902
124591
124592
124577
124616
116243
116436
96656
96682
2781
127095
96942
96946
96948
96955
97021
130136
164695
97103
190043
131141
131230
223094
227102
229334
229346
229513
116914
173810
173905
117404
174084
1402
94503
174485
174700
3492
97561
97682
132064
3643
97843
132537
97922
98170
3738
134742
134778
3866
3964
98670
4111
98931
98934
98935
99048
99118
167257
99328
99335
4716
4730
4907
99662
5109
99960
99967
5141
182739
162304
52556
191
192
651
162842
123403
163086
1199
1267
1314
163433
1539
95050
1833
100336
5369
182821
5708
168930
5774
137557
169394
169421
169936
170066
170155
101523
101530
101536
170586
101952
102056
6449
6469
102326
6484
6527
102793
103166
6919
139243
7160
7699
7915
104285
104291
104292
8028
8060
116997
117005
117162
2307
117425
118844
119289
121352
122084
96367
123378
123386
123468
123474
123473
123485
124007
116231
96546
96555
151616
96794
96801
96803
96815
96808
96810
2800
128298
128871
129004
8191
8197
173254
105128
9182
184123
9252
155748
105588
142113
184912
9510
142332
106427
11348
11223
11607
186140
11791
11777
11837
107168
11922
129307
3101
3181
3147
3152
3199
97191
164923
164911
3399
97319
3396
97334
97340
3590
3596
97550
97926
3719
3949
3954
98268
181757
135474
98648
98658
98662
98651
98678
4124
4126
98773
98930
98969
98976
99080
167142
12316
186501
12620
13127
13097
13365
13633
13561
13877
13781
15541
15574
16163
15626
15871
16173
16466
16419
17396
17369
17889
18081
18082
18558
18675
187479
187465
19992
20013
20212
21259
21400
99210
99261
4706
5026
99912
99913
5251
100013
5136
100499
100493
100508
182823
5762
100845
101032
170031
101597
170577
138271
6313
102233
6399
6457
102231
6571
102587
6573
21497
22438
22469
23065
146383
23600
23441
24909
25223
26079
27003
28284
28285
28956
30575
158291
30892
6733
103172
139384
103750
171932
140011
7751
7975
172473
104420
104478
8998
105426
105433
31469
31883
31941
31975
147890
147908
34013
34122
35601
35715
35791
35850
36333
36535
37724
38256
38532
38865
38829
39627
40084
42003
159530
42317
42624
42909
149182
43653
43642
9535
10151
10329
106431
10551
10559
10855
11026
11072
185737
185673
185995
186088
186039
107143
12042
107506
12328
12991
12842
12869
13622
13004
13234
13151
13386
13597
14776
15000
15020
15517
145183
16248
44877
45116
46218
46224
46265
46479
47086
47499
47544
48244
48517
49219
49206
49226
49306
49539
49832
49957
49962
49929
50052
50006
50008
150098
51018
51328
51515
51519
51510
51531
52213
52761
53268
53520
53560
54088
55615
55659
56029
57971
58861
59030
17955
17989
18078
146007
19398
20149
20901
21379
21298
21448
21646
22552
22426
22540
22868
22923
111707
23363
24112
24727
24642
25177
59567
59970
60685
60890
61949
62553
62634
62549
63208
63530
63532
63552
63620
63737
64605
64770
66092
67716
68512
69114
69436
70538
71004
71066
70961
71057
72707
73801
74127
26223
26281
113086
29046
30515
114477
114583
31906
32004
32272
32813
33176
35510
77386
80832
80833
80994
35968
38340
38705
39131
39312
39352
39502
40556
40609
40455
42933
42957
42770
43656
43648
44881
45842
47084
47902
48245
48223
48270
48610
48575
48562
49198
49068
160640
50768
50859
51022
51771
54129
54190
54239
54784
54923
54938
55183
55799
57388
57395
57823
58224
227077
59450
60407
61166
61167
61388
61514
61818
61944
62159
61917
62545
62582
63205
63344
63325
63331
63710
63962
64882
64884
64666
65033
66106
67452
67459
67472
67611
86855
69237
89017
89018
71811
71848
71852
71987
73278
74472
74492
74994
75431
75424
75896
75957
76259
76800
191051
191386
191732
193326
77655
77657
77658
199676
200161
201550
202336
85494
205480
211718
214990
190557
190570
191106
191514
191535
192083
192926
193628
193630
194288
194343
194549
195032
195179
195512
226020
227088
198474
198493
202164
203250
204904
173778
115196
94511
96477
3196
97073
52512
150858
194
122002
162628
406
418
650
749
207117
207347
209338
178218
1651
1676
1814
179567
179873
180027
180049
1967
2062
2085
2090
116747
116749
116752
116999
117161
2447
118843
118845
120453
2534
223506
227093
229432
232747
116918
173791
1322
174310
52405
122208
96343
123379
123431
123466
124234
124882
96608
2749
96793
96799
96823
96827
96817
96826
96830
96851
3123
164249
96926
128538
129094
129253
3100
3105
3106
3118
129936
3136
164698
97197
97353
97543
97796
97802
132454
3718
3763
3720
152212
133880
165383
134175
2047
2061
175307
120121
634
690
1014
123750
1185
1317
94689
178974
115718
189880
1979
1918
180695
98270
98255
181908
3916
3973
98652
98653
135595
4073
166854
181982
4125
4156
4191
98774
99063
4383
4525
4841
99827
99926
100017
100012
100018
5450
5469
5473
100502
100515
100518
182946
100840
100848
5785
169642
169780
6051
169928
169987
101426
170076
118852
116753
116764
116998
117163
117169
117158
117594
118400
118812
118814
118832
118837
119108
120567
121315
121787
96446
124375
115921
2696
96493
96562
96582
125594
2756
96719
127222
96805
96800
96819
96822
96854
96859
101598
170569
138601
102118
6803
103128
103151
103519
103524
7236
171551
171796
7752
7946
172736
173352
141309
105427
105434
164509
164340
3061
3083
130218
190038
3538
97559
131889
132071
190059
97925
3790
97945
134367
3919
98267
181518
3981
184925
10046
10388
10390
106436
10866
185553
185728
143063
143255
143377
143647
12499
12613
13072
13005
12847
12890
12897
14075
144874
14417
108775
14652
14762
14999
15221
15515
99032
4425
4426
4472
167322
167451
4575
4581
4588
4607
99460
99488
99489
167922
4781
4932
4892
99660
5118
99826
100023
100302
100303
100396
137415
5625
100798
5803
183134
137662
169588
101500
101651
101707
183493
101739
154021
138281
6285
16653
16251
16378
145421
16861
17784
17643
17808
17967
17968
110523
110531
146010
146046
187481
187486
19948
20979
21287
21331
21519
23321
23369
23440
24111
24647
25072
25207
25116
25282
112232
112382
25990
26031
26395
6430
6440
102551
6658
103195
171043
139353
7470
7440
139671
7525
7651
155018
104130
140206
172639
172759
8185
104688
8440
8413
8444
8473
8435
141233
105185
8893
26928
26938
26846
26935
27440
31700
114439
114479
31962
32266
33707
33461
35599
35833
36823
148414
38623
38779
38625
38917
184935
105749
10000
10010
106354
185688
11447
11064
185741
185829
143127
11725
11726
143868
144376
186470
13496
13327
13565
108173
186727
15023
39203
39303
39604
40559
40608
43112
43108
43197
43320
43326
43646
44732
45058
45289
46074
46241
46284
46779
46870
149795
47426
47762
48199
48382
48221
48390
48584
48612
49217
49113
50331
50045
50986
51779
51694
109278
15272
15255
15329
15624
16787
17099
17106
17490
18377
19640
19958
21073
21013
22053
187541
22879
23121
23215
52013
51763
52138
53245
53448
53464
55039
55263
55285
55198
55265
56690
57831
58578
61822
62341
62371
62396
62224
61903
62618
62547
62652
63234
63146
63537
63996
64657
64642
64790
65353
65196
24768
25127
25239
112275
112363
146772
157608
27132
27555
28097
28288
28625
147168
158004
30175
30431
30523
31708
32030
66416
67473
67573
67687
68845
71969
72655
72942
72955
72972
73599
73716
74380
74686
74850
75087
75247
75479
75955
76244
77651
77654
77659
79874
83573
84193
33178
33815
35015
35581
38039
38043
39204
39284
39463
39488
39652
39709
40486
40432
41576
42192
42239
42501
86715
86995
88542
89608
191264
191730
193305
193314
193809
194194
195019
195040
195522
195759
196685
197539
202157
202170
202345
202221
42578
42554
43229
43669
43762
44423
44999
44764
47034
47868
47614
48410
48495
48434
48568
48503
49543
49443
49474
49662
49624
49594
49663
49681
49867
49835
50004
50447
50761
50776
51335
51337
188608
51949
51822
52145
52871
52911
53414
54031
204696
204902
205316
205344
206925
207903
209022
214156
54172
55010
54800
55138
55723
56033
56341
57199
58198
59535
59702
59939
60077
61484
61767
61834
62382
62387
62426
62697
62967
63149
63346
63602
64344
65812
65775
223502
223521
223732
227379
173770
173767
918
1312
174699
2623
2981
3068
3401
52592
26
28
127
65940
68528
68595
69334
71183
71280
71742
72262
72452
72928
73696
73701
73821
74005
76028
76177
76201
76202
1015
1160
1169
177688
1445
178783
1636
95023
1808
189879
95500
180500
118820
118836
118838
118811
118818
118834
119560
122095
2204
122702
116781
116748
116756
117175
117177
117575
118509
118819
118831
119562
2486
121330
121548
122051
124372
124612
80911
231742
231749
232753
232928
232929
117176
173771
173750
173765
173954
174116
174733
52588
175617
175637
3000
3149
175933
97209
2649
96539
96551
126461
96772
96774
96775
96776
127390
96809
96829
128227
96912
96923
97107
97108
130179
164677
164810
131218
97349
97352
97354
97376
165009
165023
3512
3536
97562
97533
132023
132024
132058
132131
97704
132740
97936
3717
98197
98272
98353
98354
166006
97576
52914
304
972
94192
1003
1074
1403
178455
95123
189639
189700
2066
1915
2014
2077
180581
120248
116908
116919
117007
116975
117411
95895
95888
135334
98745
4183
4259
4337
136127
4407
4440
167187
167202
99100
136283
152902
152913
99260
152915
4644
4791
99619
4935
4884
5137
100434
100590
100650
5740
183073
170075
101510
6114
101589
101586
101698
170640
170644
170669
138323
6446
2528
118949
119466
120271
121826
122807
96412
96415
96418
123868
124578
124595
124989
125873
126403
2947
128822
103187
6893
6894
7456
7441
7643
171487
104136
171806
104225
104187
172131
104413
8193
8460
104865
8640
104922
141232
9009
141525
9375
9310
142119
105712
105969
142364
106174
130095
164653
190042
3280
181163
190039
3527
3542
3467
131586
97556
3642
97692
152175
152233
133365
97974
3760
133662
133758
133916
133936
133937
133944
98309
98320
98366
98704
166948
98893
98951
10479
185678
185720
185771
185727
11409
185910
186020
11545
11550
106875
11698
107133
13455
186659
14033
14044
186745
15168
15271
15389
15634
15931
145246
4463
4467
182158
4523
99358
4674
167878
99490
4743
99579
4939
99795
99958
137442
5525
5592
153513
5703
5713
168803
137503
101044
183253
101049
101121
169256
153619
169614
183392
101537
101538
154010
154101
154022
145828
110469
18291
18792
19077
146057
19976
20010
20709
20797
20904
23076
23151
23204
23428
23683
24602
26677
157639
27171
27411
27124
27300
28414
113351
28684
170662
170668
138290
154376
102088
102107
102221
102361
6722
102971
103191
103194
171048
7173
103989
103990
140002
140056
173064
173302
173298
105117
8626
8911
29756
158009
30620
30800
31495
31954
114548
32002
34360
34984
35032
36298
36812
38516
38529
38602
38655
39216
39272
39625
39760
40458
40550
40554
141681
105667
105685
184900
184989
106082
106160
142655
10625
185718
11067
106590
185735
142924
186029
11753
107320
12774
42530
42573
42950
43084
43258
43654
44253
44242
44311
44777
45120
46270
46397
47037
47097
149765
48623
48953
49203
160560
160713
49458
49587
160668
50421
51120
51518
51538
52100
51826
52419
53423
53364
53394
53721
53895
54404
54405
13637
13735
13911
16142
15958
16314
110012
145667
187144
110231
110450
18180
18181
18583
18373
18579
187436
21643
55669
55730
55941
57213
58281
59209
58822
59230
59853
59993
60804
60903
61168
62581
62415
62653
62741
62989
63153
63372
63430
63786
64793
65282
65045
66213
66445
67297
67785
67925
67741
22428
22307
22463
111721
23451
24345
24851
24855
112827
26214
28098
28623
28885
28828
29303
147096
29445
29666
30164
30625
69188
69444
69465
69553
71305
72004
72005
73042
73196
73204
73522
73994
75623
75961
76163
76301
31328
114549
114547
32018
31999
32121
32614
33447
35268
35269
35735
35662
35846
36191
36281
36413
37087
148265
37723
38537
93413
191165
191184
191213
193961
194137
194919
198509
42373
41990
42370
42509
42528
42335
42580
42951
43701
43768
43895
45464
45481
46663
47085
47684
48241
49262
49280
49208
49187
49328
49342
160735
160746
49695
49602
49742
49970
49986
51118
51327
202200
205452
207375
207406
208537
214071
51406
51497
51527
52141
52515
53217
53148
54346
58127
59235
60247
60474
61401
62078
61936
62253
62610
62568
62595
63098
63251
62993
62994
63352
216707
223775
224361
225493
227092
229121
231753
232944
232946
52408
117402
117406
174499
67639
67776
67780
67717
68057
68292
68515
69298
69253
69544
70727
71038
70957
71043
71211
71068
71145
71547
71720
71862
72064
72229
73012
73620
73800
73807
74441
75390
76260
77407
79767
96411
2682
175551
2829
96725
97307
382
970
1020
1313
124241
124406
124635
1431
1529
189632
189730
189873
189876
2024
1978
2065
118840
120279
124390
124438
116787
116915
116916
117335
95891
80651
89060
89002
89010
89641
190942
191135
191062
2526
96143
119457
120331
121019
96277
2593
122527
122558
124593
116364
125679
96681
96701
126877
96746
96828
96832
127389
127934
128367
96947
97023
129646
3251
190008
3168
130107
130126
190041
3423
196772
199456
199863
200708
200942
202376
202285
204900
207154
207342
207810
208535
3475
97481
3624
97582
152098
181152
133943
134255
165438
98317
165724
166619
135644
98894
4290
135993
99124
4483
152900
167579
4507
167461
190258
4562
4681
4963
99480
167991
4857
99653
4970
4910
223749
227101
229331
100046
5164
100397
100398
100399
5513
182826
182880
100656
168935
100893
169126
101102
101067
5955
169622
169755
169719
170044
190463
101571
101694
170600
170591
170661
101844
6326
170686
101959
101963
102081
6471
102370
102357
6533
102410
102930
103014
6984
139319
7033
7036
7199
103928
104097
7664
139974
231892
233162
117336
117408
188779
94581
174323
174662
161816
96720
3174
3246
3146
97146
121272
193
1128
1269
1279
1316
124868
124879
8054
172267
173263
8851
9329
9359
8932
184072
9347
105437
9686
184918
184931
10593
10721
10814
10699
185560
11363
11546
11604
143782
11854
107177
107313
12138
178103
178575
1495
1998
180356
116746
116992
118823
120454
96279
96356
122522
122474
123435
123436
123443
123433
123439
124038
124235
124998
96494
107267
113889
12562
12462
12833
13854
13752
13810
13979
14373
108804
14459
14643
145017
108869
14817
15547
15627
15978
15910
16336
16353
109949
110137
18637
2724
126647
96771
96816
96818
96820
96821
2803
3172
128543
128870
97019
97022
97040
97076
3205
97202
97204
130619
3324
97308
133541
133563
3733
98105
134475
3931
21647
22585
22846
23599
23818
24303
25118
25121
112198
112888
146786
26998
27110
27254
27355
113169
28373
28753
28637
28737
29048
113357
29484
187825
98265
165701
98415
3974
166366
166614
98655
98657
98814
98916
98917
98945
4239
98943
167716
4665
167833
168017
4748
4766
99668
99752
4953
99925
100014
5208
100505
100503
100504
100507
5384
182947
5757
137501
100914
101000
183191
169575
101124
101279
113845
30576
147280
158292
114120
31317
31321
31472
31995
32144
32587
32718
35374
35203
36048
36390
39947
41641
41822
42094
42025
42526
101587
138274
101887
138318
138349
138487
6397
102026
102104
6461
102483
102521
154638
6800
103160
103461
103468
103488
103490
6959
7387
154942
171585
139991
171781
171819
7744
140044
104214
140513
173020
104550
183869
42583
42604
42902
43206
44296
44791
45094
45119
160021
45466
46242
46382
47096
149750
48049
48744
49132
49330
160739
50232
50720
50766
50838
51023
50771
51113
51685
51490
51584
52215
52947
53393
53415
53856
105421
105423
9835
142552
10480
106435
10951
185684
108029
12843
13394
13120
13849
144770
13591
186752
108730
54233
55828
55833
57904
57394
58339
58425
59377
58710
59115
59425
59489
59696
60290
60395
60705
61400
61427
61647
62040
62379
62570
62511
63046
63308
62966
62895
63497
64003
63931
63899
64139
64454
64465
64427
64817
65285
65192
64918
65037
68452
68508
68998
69336
14998
15064
15269
15510
15511
16364
16981
17872
17798
18666
18826
146028
19624
19383
187488
20171
187482
20578
21387
21268
21530
22435
187542
23513
24683
70964
70968
71110
70995
71041
71398
72061
72232
72231
72410
72706
72842
72987
73328
73657
73760
73770
73804
74432
76303
77434
77585
79138
146559
25077
25129
25254
112729
26338
146787
187708
27169
113337
29458
29600
30627
114392
32273
32653
35339
38533
38393
39268
39156
49083
49278
49982
50558
51777
51728
51984
52423
53111
53112
53276
55221
54939
42800
43225
45062
46315
46624
46783
46962
47875
48262
48180
48243
48423
48477
48379
48707
59863
60250
60386
61391
61515
61586
61914
62383
62456
62848
62943
62329
62342
62574
62526
62623
62629
62636
62712
63958
63970
63961
63967
64563
55212
55232
55589
55987
56126
56311
56768
56906
57851
57940
69988
70565
71633
72654
72808
72980
73360
73766
73752
74860
74839
74963
75774
64557
64664
64741
65049
65204
65925
65936
67098
67405
67441
67451
67686
67742
79862
79880
79882
84027
